11110011111111111111111111111111111111111
11110011111111111111111111111111111111111
11110000001111111111110001110000110000011
11110000001111111111101111110111111101111
11111111001111111111101100110001111101111
11111111001111111111101110110111111101111
11111111001111111111110000110000111101111
11111111000000000011111111111111111111111
11111111000000000011111111111111111111111
11111111111111110011111000001110001111111
11111111111111110011111110111101110111111
11111111111111110011111110111101110111111
11111111110000000011111110111110001111111
11111111110000000011111111111111111111111
11111111110011111110000011101110111000011
11111111110011111111101111101110111011111
11111111110011111111101111100000111000111
11111111110011111111101111101110111011111
11111111110011111111101111101110111000011
11111111110011111111111111111111111111111
11111111110011111100001111000011100001111
11111111110011111101101111011111101110111
11111111110011111100011111000111101110111
11111111110011111101101111011111101110111
11111100000011111101101111000011100001111
11000000000011111111111111111111111111111
11000000111111111111111111111111111111111
11001111111111111111111111111111111111111
11000000000000000011111111111111111111111
11000000000000000011111111111111111111111
11111111111111112211111111111111111111111
