11110011111111111111111111111111111111111
11110000000000000011111111111111111111111
11111111111111110011111111111111111111111
11111111111111110011111111111111111111111
11111111111111110111111111111111111111111
11111111111111100111111111111111111111111
11111111111111100111111111111111111111111
11111111111111110000000000000001111111111
11111111111111110000000010000001111111111
11111111111111111111111111111001111111111
11111111111111111111111111110001111111111
11111111111111111111111111110001111111111
11111111111111111111111111110011111111111